------------------------------------------------
INP-1: 3.29926
INP-4: 4.89829
INP-8: 3.3135
INP-11: 3.29926
INP-14: 3.3135
INP-17: 4.89829
INP-21: 3.3135
INP-24: 3.29926
INP-27: 3.3135
INP-30: 4.89829
INP-34: 3.3135
INP-37: 3.29926
INP-40: 3.3135
INP-43: 4.89829
INP-47: 3.3135
INP-50: 3.29926
INP-53: 3.3135
INP-56: 4.89829
INP-60: 3.3135
INP-63: 3.29926
INP-66: 3.3135
INP-69: 4.89829
INP-73: 3.3135
INP-76: 3.29926
INP-79: 3.3135
INP-82: 4.89829
INP-86: 3.3135
INP-89: 3.29926
INP-92: 3.3135
INP-95: 4.89829
INP-99: 3.3135
INP-102: 3.29926
INP-105: 3.3135
INP-108: 4.89829
INP-112: 3.3135
INP-115: 3.3135
OUTP-223: -1
OUTP-329: -1
OUTP-370: -1
OUTP-421: -1
OUTP-430: -1
OUTP-431: -1
OUTP-432: -1
NOT-118: 1.59903
NOT-119: 3.42894
NOT-122: 1.59903
NOT-123: 3.42894
NOT-126: 1.59903
NOT-127: 3.42894
NOT-130: 1.59903
NOT-131: 3.42894
NOT-134: 1.59903
NOT-135: 3.42894
NOT-138: 1.59903
NOT-139: 3.42894
NOT-142: 1.59903
NOT-143: 3.42894
NOT-146: 1.59903
NOT-147: 3.42894
NOT-150: 1.59903
NOT-151: 3.42894
NAND-154: 3.3296
NOR-157: 1.59903
NOR-158: 1.59903
NAND-159: 3.3296
NAND-162: 3.3296
NAND-165: 3.3296
NAND-168: 3.3296
NAND-171: 3.3296
NAND-174: 3.3296
NAND-177: 3.3296
NAND-180: 3.3296
NOR-183: 1.59903
NOR-184: 1.59903
NOR-185: 1.59903
NOR-186: 1.59903
NOR-187: 1.59903
NOR-188: 1.59903
NOR-189: 1.59903
NOR-190: 1.59903
NOR-191: 1.59903
NOR-192: 1.59903
NOR-193: 1.59903
NOR-194: 1.59903
NOR-195: 1.59903
NOR-196: 1.59903
NOR-197: 1.59903
NOR-198: 1.59903
AND-199: 5.10069
NOT-203: 21.7031
NOT-213: 14.3913
NOT-223: 6.80092
XOR-224: 3.19806
XOR-227: 3.19806
XOR-230: 3.19806
XOR-233: 3.19806
XOR-236: 3.19806
XOR-239: 3.19806
NAND-242: 1.59903
XOR-243: 3.19806
NAND-246: 1.59903
XOR-247: 3.19806
NAND-250: 1.59903
XOR-251: 3.19806
NAND-254: 1.59903
NAND-255: 1.59903
NAND-256: 1.59903
NAND-257: 1.59903
NAND-258: 1.59903
NAND-259: 1.59903
NAND-260: 3.3296
NAND-263: 1.70023
NAND-264: 3.3296
NAND-267: 3.3296
NAND-270: 3.3296
NAND-273: 3.3296
NAND-276: 3.3296
NAND-279: 3.3296
NAND-282: 3.3296
NAND-285: 3.3296
NAND-288: 1.70023
NAND-289: 1.70023
NAND-290: 1.70023
NAND-291: 1.70023
NAND-292: 1.70023
NAND-293: 1.70023
NAND-294: 1.70023
NAND-295: 1.70023
AND-296: 5.10069
NOT-300: 1.59903
NOT-301: 1.59903
NOT-302: 1.59903
NOT-303: 1.59903
NOT-304: 1.59903
NOT-305: 1.59903
NOT-306: 1.59903
NOT-307: 1.59903
NOT-308: 1.59903
NOT-309: 21.7031
NOT-319: 14.3913
NOT-329: 6.80092
XOR-330: 1.59903
XOR-331: 1.59903
XOR-332: 1.59903
XOR-333: 1.59903
NAND-334: 1.59903
XOR-335: 1.59903
NAND-336: 1.59903
XOR-337: 1.59903
NAND-338: 1.59903
XOR-339: 1.59903
NAND-340: 1.59903
XOR-341: 1.59903
NAND-342: 1.59903
XOR-343: 1.59903
NAND-344: 1.59903
NAND-345: 1.59903
NAND-346: 1.59903
NAND-347: 1.59903
NAND-348: 0.918145
NAND-349: 0.918145
NAND-350: 0.918145
NAND-351: 0.918145
NAND-352: 0.918145
NAND-353: 0.918145
NAND-354: 0.918145
NAND-355: 0.918145
NAND-356: 0.918145
AND-357: 3.40046
NOT-360: 14.3913
NOT-370: 6.80092
NAND-371: 1.59903
NAND-372: 1.59903
NAND-373: 1.59903
NAND-374: 1.59903
NAND-375: 1.59903
NAND-376: 1.59903
NAND-377: 1.59903
NAND-378: 1.59903
NAND-379: 1.59903
NAND-380: 1.70023
NAND-381: 5.71524
NAND-386: 8.91331
NAND-393: 7.41547
NAND-399: 5.71524
NAND-404: 2.61837
NAND-407: 4.21741
NAND-411: 2.61837
NAND-414: 0.918145
NOT-415: 1.71447
AND-416: 1.71447
NOT-417: 1.59903
NOT-418: 1.59903
NOT-419: 1.59903
NOT-420: 1.59903
NOR-421: 6.80092
NAND-422: 3.19806
NAND-425: 3.19806
NAND-428: 1.59903
NAND-429: 1.59903
NAND-430: 6.80092
NAND-431: 6.80092
NAND-432: 6.80092
------------------------------------------------
